densities = [0.125      0.12125025 0.117649   0.11418896 0.11086328 0.1076655 ...
 0.10458953 0.10162963 0.09878037 0.09603663 0.09339357 0.09084661 ...
 0.08839144 0.08602393 0.08374023 0.08153666 0.07940972 0.07735613 ...
 0.07537273 0.07345657 0.07160481 0.06981478 0.06808391 0.06640979 ...
 0.06479011 0.06322268 0.0617054  0.06023629 0.05881344 0.05743506 ...
 0.05609941 0.05480486 0.05354984 0.05233285 0.05115245 0.05000729 ... 
 0.04889606 0.04781751 0.04677045 0.04575373 0.04476628 0.04380703 ...
 0.042875   0.04196922 0.04108878 0.04023279 0.03940041 0.03859084 ...
 0.0378033  0.03703704];


%pressures = [0.7194872076870007, 0.7353594706558849, 0.7590415547799364, 0.7738477018743377, 0.8028553630863657, 0.8103441528175108, 0.8405795437948488, 0.8769274648553084, 0.8949055523137929, 0.9291037045010812, 0.9526188708756015, 0.9856616681760704, 1.0265034105302488, 1.0648514103017492, 1.1027582014792192, 1.153933516554255, 1.1837840831234645, 1.2346591553764967, 1.3028663294346325, 1.3699585845046638, 1.4220902070151988, 1.5083391567431024, 1.5657797565177425, 1.66975637878113, 1.7535439991081672, 1.8656275147122743, 1.9882959266134719, 2.09609588090357, 2.2452960698315905, 2.412159842669934, 2.589246999627972, 2.757233457291673, 2.9866994057196212, 3.2256920472303694, 3.500674195083608, 3.768585758688322, 4.118798632765183, 4.510216586265493, 4.920203475428945, 5.415001306327709, 6.004247363440424, 6.660720405570751, 7.353307615010032, 8.288031020452578, 9.177934182679039, 10.193602438966058, 11.356243511750565, 12.789734125846952, 14.415967611867364, 16.24208947373316];
pressures = [0.40496327926205755, 0.3923744135821827, 0.38103071534231525, 0.3701212547202612, 0.359679803470198, 0.346929794678015, 0.3378336665049059, 0.3262838843606714, 0.31603433023342475, 0.30841852542760306, 0.29849598397122334, 0.29103683369522104, 0.2818412826407888, 0.274542775751385, 0.26646639728664834, 0.25843906531880995, 0.2517671700425545, 0.2455159450988378, 0.23947409364213193, 0.232223596971602, 0.22684671543745125, 0.22127440615008048, 0.21610398569709705, 0.2099088237990969, 0.20365657213669705, 0.20008729828571392, 0.19528642979200006, 0.1901662819443691, 0.185690754732862, 0.1808171899096075, 0.17663511509373073, 0.1727593126505572, 0.16855114651260844, 0.16482473011851043, 0.16073663666354923, 0.15711091769311225, 0.15376890021008705, 0.15020294453530203, 0.1470708143223019, 0.14338078830966955, 0.140907991045041, 0.13710924200540353, 0.13483179496133868, 0.13167453574483606, 0.12912033563621786, 0.12598867455038712, 0.12309313265486033, 0.12107289386730885, 0.11855065187604495, 0.11606647061966871, 0.407275301777778, 0.3916229283358279, 0.38224591193275076, 0.3684930116617983, 0.3576600454054611, 0.34561133526364834, 0.33568786499187947, 0.3259224676630445, 0.3156808056561626, 0.30592626804125145, 0.2976935355617831, 0.29056021515167507, 0.28260365571472573, 0.27484381449039913, 0.2663480779916355, 0.25982855334643656, 0.252136476996335, 0.24615291026141062, 0.2382093262810931, 0.23282872303937158, 0.2270434245039334, 0.22110091919352143, 0.21545026582288665, 0.21031824132574317, 0.20460833235502673, 0.19934795534937044, 0.19506064410448365, 0.18996142560607246, 0.18508151140824505, 0.18074211246208155, 0.17730526210822212, 0.17265678201219153, 0.16808871571126177, 0.1650292852454357, 0.16063451344180027, 0.15732093035607395, 0.15345885941895193, 0.14977846894883284, 0.14655406999305107, 0.14371365661828372, 0.14050002167492104, 0.13725612881553592, 0.13464084054482883, 0.13146692816191347, 0.12903897196782618, 0.12583337419170418, 0.12365787006952823, 0.12061692101455741, 0.11870378664559879, 0.11564600566765314, 0.4068974561977239, 0.3950091696970104, 0.3831587136400667, 0.3678276998204592, 0.35560277541112917, 0.3468517073532631, 0.3371715086361182, 0.3244441835504408, 0.3169917927609652, 0.3063943585982364, 0.2989130557617545, 0.29071401528208124, 0.2825165795551951, 0.2736605451030138, 0.2664743675393134, 0.2595874500782629, 0.25190161671321004, 0.24518622821658742, 0.23934552188454236, 0.2326161601687319, 0.2271521927434063, 0.22123611913955674, 0.21507688316250834, 0.2101790177904313, 0.20414280665403167, 0.20030212640314307, 0.19460424081327493, 0.19017242872672532, 0.185697248764028, 0.18098184314270666, 0.17702204850965947, 0.17263734636569447, 0.16889652629639634, 0.1649012984020693, 0.16085847231325848, 0.1573408503687823, 0.15355525808298326, 0.15055232403925398, 0.1469934444912301, 0.14404914382093412, 0.14045469873005648, 0.13719050507702582, 0.13472580860911043, 0.13176072234467745, 0.1287116435073585, 0.12591722565736077, 0.12363425643288475, 0.12101201291859219, 0.11822797835006911, 0.11604476798200988, 0.40568992676887555, 0.39181669844766076, 0.3827450336769034, 0.3692785701066103, 0.3569476934727517, 0.3479507657359933, 0.33621954929165526, 0.3263978761244121, 0.31700938634620796, 0.3077189804971966, 0.2983020971079867, 0.2911854916420315, 0.2834969560884677, 0.2745653030937088, 0.2662307364903868, 0.2594463522610022, 0.2522953150379233, 0.24492312737130198, 0.23910109779408537, 0.23293015437158823, 0.2269970616259344, 0.22073797530430764, 0.21533922805761907, 0.21006490709581027, 0.20486747715263107, 0.20001502371246999, 0.1948202031080195, 0.19013463669125955, 0.18554279354761, 0.18129192956969847, 0.17657922527172082, 0.1726742781163833, 0.16846472023911857, 0.1645980966170802, 0.16052285294946175, 0.15722328385470688, 0.15376840769597921, 0.15025945446909691, 0.1469327642089065, 0.1439363067815127, 0.1403972044065914, 0.13760731230922968, 0.1342497482684575, 0.13196859701093017, 0.12880770858909268, 0.1260792341470763, 0.12357317280881029, 0.12097621718650128, 0.11861809577273433, 0.11586409104021213, 0.4072946070180303, 0.39058090842649656, 0.38323400419877945, 0.3688814740513864, 0.3572298816418711, 0.34516557036108636, 0.3372657906893624, 0.3262454017143558, 0.3173200303024267, 0.3078892618134721, 0.299335733752179, 0.29098530074253476, 0.2815675591457062, 0.27358442651311415, 0.26629961305867894, 0.2609012381966353, 0.2521656098412199, 0.24520933806411085, 0.23853710180786236, 0.23315513384434103, 0.2271186724365879, 0.22097471926052395, 0.21521863286108475, 0.21044345173252013, 0.20516776640675982, 0.199553260257415, 0.19499597106796868, 0.19002878835899964, 0.18524372077602824, 0.18098625487025138, 0.17694327394955972, 0.17226013993560396, 0.16862689447452162, 0.16485043024923152, 0.16048255103839543, 0.15718360345168672, 0.15433703920531783, 0.15023562471870383, 0.1466437367922051, 0.1436939513680194, 0.1403569714423447, 0.13764398700162433, 0.13424629488513873, 0.1313067359828435, 0.129217242602605, 0.12641538442871508, 0.12338064856644211, 0.12091409154205354, 0.11839682707923084, 0.11598020760515666, 0.40429068793270884, 0.3924600855361011, 0.3819668764081806, 0.3696920947439898, 0.3581061815223532, 0.34839123935308597, 0.3360834774499661, 0.3269053689741168, 0.31642858978541855, 0.3068414358675272, 0.29935980804332796, 0.29016775166998354, 0.2817530709102817, 0.273528084735748, 0.26688406493454564, 0.259555001624469, 0.2530922975895283, 0.2459610285477006, 0.23962606773646827, 0.2332690777802022, 0.2274872882546416, 0.22004679048602482, 0.21519646678568885, 0.2101430493721375, 0.20472108342202122, 0.19974426294677608, 0.19444015313671095, 0.18974726449621396, 0.18541634549891764, 0.18083740025643832, 0.17701327272004833, 0.17285851466588115, 0.16862687278296035, 0.16445791193889595, 0.16094971858484802, 0.1574976541345824, 0.1532922197411218, 0.1507265370640189, 0.1467793792687477, 0.14348997465847363, 0.1409800334778015, 0.1373169875004328, 0.13461277345325834, 0.13218982720403644, 0.12885172894959945, 0.1258359171037264, 0.1234048052763826, 0.12117676858091919, 0.1186007177666678, 0.11618945658263413, 0.4063010627879038, 0.39375982611721305, 0.3796797851127808, 0.3672794631347485, 0.3567921920548616, 0.34612546018845297, 0.3348905502431515, 0.32595445567812154, 0.31536184446613685, 0.30742501286293644, 